980 -458 -618 -809 -207 544 -226 -55 689 348 -888 663 -317 307 -202 693 984 562 -339 -110 -173 -745 933 -350 230 268 643 20 -688 -417 -687 148 -962 617 -652 -225 402 192 -3
792 -421 -77 -509 -311 -391 -25 -828 109 502 -207 -702 52 404 -103 -949 -832 -582 977 -436 -59 232 -450 -58 -619 -83 826 -764 112 849
944 -582 -316 943 -589 -518 145 -251 407 -853 -134 -519 -777 943 -317 461 -200 6 -610 -798 -512 -732 168 178 -290 691 925 -305 873 707 25 -685 -264 -116 -210 -720 -190 346 -644 -754 -361 -515 930 832 -761 10 974 694 -356 -800 877 -864
46 -708 -964 859 972 -475 781 -771 24 559 561 166 -670 -285 680 -840 -189 895 -941 674 797 764 -887 -45 703 902 539 250 589 784 436 -529 -283 -857 827 -276 787 679 -868 816 -502 770 527 -618 -922 446 -263 324 -122 983 904 703 242 -507 397 -741 126 987 -899 725 -486 -640 175 -806 -209 -971 -623 263 -598
229 21 -578 -863 -213 577 43 -57 839 589 -511 927 381 285 126 59 633 -125 595 293 120 375 47 -123 528 -648 711 -151 -1 226 882 936 -764 -826 640 758 -16 -25 915 147 697 -196 -513 475 -393 -263 -196 -454 5 -471
440 -271 318 -601 -463 -557 468 -375 -893 117 589 914 666 -963 682 -15 966 -186 -143 711 -487 451 -404 572 -716 814 326 -512 366 416 -996 -110 538 427 -316 672 572 -967 -582 -700 760 -406 -679 683 472 669 -793 56 427 601 -396 -403 507 746 -507 -225 -312
-112 33 193 916 208 731 897 27 752 -76 904 -69 -671 211 624 502 806 604 726 -65 -777 981 -159 -75 82 -759 -231 -188 11 361 -419 299 205 -879 792 -37 599 77 521 904 -981 754 -954 -723 966 -117 -175 -192 -667 -197 -274 -592 -531 675 -321 317 253 426 416 958 368 -47 -878
-181 -514 984 -92 871 634 596 -867 938 -960 -72 115 253 -65 565 418 577 -516 878 -696 527 -948 822 -764 341 -724 276 -557 -199 956
-608 -561 -235 -690 -960 -758 956 149 -687 -228 -718 -475 -921 -762 -297 762 -739 561 -74 143 -493 -747 523 343 164 760 -637 -359 623 775 560 547 568 -613 -273 940 -122 -15 840 -41 -949 -639 -594 205 240 996 -699 -767 19 -131 -403 -369 49 58 356 -323 -297 -848 -726 -77 -483
-286 377 694 819 -724 833 -612 -266 -99 343 711 -866 652 -748 464 44 936 873 778 -977 -570 -833 395 -4 310 -497 176 950 312 938 -566 -766 -108 902 -510 -618 997 71 313 -983 121 -851
318 754 -326 285 -166 -201 -885 409 -985 -738 -576 617 -480 -802 -892 618 96 -821 388 995 -962 -388 -452 -556 916 -905 -254 571 -37 626 336 -374 -8 -287 941 652 -52 -731
628 -856 203 384 -836 329 778 384 -43 -120 -722 439 -26 999 560 -420 252 -675 716 957 634 541 844 -991 777 -370 -117 184 -639 513 643 630 -385 446 809 698 -516 -581 262 656 -634 -949 443 -785 812 959 669 -239 -204 -826 -132 279 288 506 -464 800 -144 -494 662 251 -831 -673 -791 -239 -821 74 315 -16 -323 -784 -505 -760 -667 -275 -571
-217 -499 551 -824 696 -768 -808 -841 -393 -782 -555 615 -880 242 667 -705 -979 202 -460 424 406 848 907 -210 -706
842 238 900 122 682 417 -337 440 -315 -144 -250 704 -800 -171 511 -278 -735 849 -792 905 -638 699 -621 858 213 494 224 287 519 -741 -834 895 706 477 -757 49 -595 702 -962 823 -310 -228 432 -599 -614 -633 969 -484 101 907 790 -327 254 -465 438 -76 -788 482 499 -495 600 -108 796
-194 -340 760 -976 -409 -812 188 -446 -633 361 794 -444 178 -633 813 -706 -342 652 -643 230 -410 -49 0 -327 811 -472 -999 -676 399 556 323 18 -884 773 181 -401 167 388 237 488 807 358 13 2 617 -822 86 -886
-559 -227 -889 5 -318 -296 -11 420 282 -387 19 -992 647 -618 357 -401 794 872 957 -642 -934 -444 181 -797 27 -23 -220
-278 -186 555 490 -652 -580 709 -31 955 16 -489 192 830 281 359 735 -840 600 -943 96 569 346 -273 -50 -709 -179 -863 257 768 -13 116 647 -687 872 756 476 -787 -621 376 758 570 -312 762 275 153 588 -487 946 -637 547 -744 -101 -35
-723 173 108 320 -641 251 804 -749 -802 -495 -708 3 364 -293 -957 -146 -368 -402 458 51 430 -398 -964 -462 835 516 626 468 401 644 439
803 992 985 879 559 -871 192 -872 15 -344 663 -766 -80 818 -243 -928 818 501 -365 118 771 -238 -671 17 -955 908 -783 11 336 953 342 -120
427 991 995 504 -19 -9 -151 -361 -434 -464 -807 -710 913 296 460 601 623 816 -502 803 853 -251 709 457 -987 -814 -347 -638 -149 -173 275 153 -591
-515 207 -21 964 -197 -996 -84 -402 -214 -64 -941 -687 -565 582 351 923 -416 -587 863 -352 498 294 543 -520 905 717 305 455 539 456 -690 965 80 -184 271 265 -6 -82 603 -759 265 189 -512 287
-513 252 -137 -3 -926 -310 -445 -245 53 416 -193 940 -17 238 -13 -187 -489 659 517 -249 18 -306 -903 -996 -644 -492 351 303 -346 196 703 248 982 -878 -929 565 -39 130 -562 207 -153 699 -584 349 -736 984 -995 139 75 601 608
-633 -581 441 497 120 -505 -320 537 82 -932 -971 -249 471 -783 25 209 -890 542 704 -940 457 -983 -586 998 277 -928 19 -171 -613
522 -939 519 706 305 -621 -120 252 724 -86 -515 12 -585 255 853 -177 462 280 886 583 -154 774 551 354 27 123 -491 -510 -245 -581 -706 -253 -653 -961 -51 -996 -893 -162 412 -907 149 848 462 794 -661 575 -11 582 -250 109 744 996 618 -124 523
447 174 628 671 -484 232 -385 882 698 -998 426 -412 165 -32 952 6 296 738 460 -986 931 561 -562 913 -977 165 -935 -217 -339 -899
-915 966 50 688 -340 414 -24 839 -184 -210 -102 -351 817 -592 -498 -405 412 -610 -654 -748 370 118 -304 746 125 541 472 616 156 -265 359 452 929 -413 -831 -925 -71 877 -544 -767 -322 -36 781 -755 -530 945 429 542 -358 -693 906 -541 173 287 -244 390 -342 236 253 -974 -444 691
642 -153 212 -636 343 -378 -189 -179 -391 594 618 328 -56 -874 998 -571 800 -605 605 -858 871 -32 -445 534 482 -371 888 -914 478 -328 -326 -611 -178 -925 371 297 -364 -825 745 777 641 -2 -242 991 -715 953 391 61 557 -332 105 356 -806 859
556 20 936 70 495 85 -200 280 -717 -816 -548 -154 480 79 678 236 280 -485 -372 495 50 649 413 -816 323 -286 -525 -90 610 -658 350 666 -239 -551 159 -849 -389 -896 525 -568 613 124 613 330 -984 -483 347 -215 371 -831 741 -618 768 -665 647 563 804
978 -672 -768 710 906 -684 807 -12 989 -722 -897 -970 179 -667 -400 -180 -161 -212 -947 911 302 -218 357 -613 661 -414 807 -223 -266 -355 -407 787 -66 -303 341 -455 -159 -159 -279 -880
-534 -675 840 339 -54 44 582 -13 -390 837 430 31 -390 100 705 743 -388 -518 -791 -274 -406 956 404 -61 275 -903 -960 447 -142 -748 653 -810 -315 523 636 -394 -110 188 810 -806 -62 -627 -966 -498 -505 -722 49 -602 -167 -271 -359 391 968 -233 671 673 938 -530 562 -499 856 -751 -28 -16 426 818 -307 -140 -827 441 683 -490
858 -838 938 -85 -181 -237 559 -5 786 -34 385 724 -603 -141 -494 684 -239 -878 -104 -857 62 359 -565 845 957 283 509 922 55 -478 -402 972 699 -911 -326 -649 998 694 -895 196 396 358 -359 -113 317 548
-178 18 842 -534 779 30 155 559 -384 909 -633 273 632 939 -22 288 -390 -335 828 -866 -5 -974 940 226 -687 -851 -426 176 593 -992 696 152 698 14 -824 699 -262 -908 -222 90 560 279 -508 372 -25 -770 984
-670 99 -430 585 -753 246 -785 -587 -952 -22 471 546 759 384 514 -183 -762 -76 -240 -782 -741 959 544 -827 -91 932 -480 -401 -551 -178 -416 -939 899 627 -596 -416 -591 -259 -568 280 210 -228 621 -764 669 -994 -79 394 18 -342 892 29 76 -739 31 -88
600 214 -434 505 -889 -395 564 20 649 -294 297 153 323 664 -328 271 -325 858 -554 -963 861 -402 -928 -76 -989 -530 -344 -527 178 693 948 -3 812 127 -191
816 45 -537 983 325 -962 174 942 -608 -770 -986 924 -752 988 -41 -438 238 -716 -548 -802 -332 996 -290 441 -809 95 -540 -665 -985 -652 290 813 282 81 -414 832 -599 261 -967 871 -794 477 -291 331 226 724 730
548 391 704 -712 476 179 964 -64 -306 -974 -500 383 -739 257 242 743 -342 159 257 586 906 512 700 45 875 -181 146 983 625 -923 740 -515 -543 -374 -775 -99 134 -895
-20 555 956 -647 909 -622 -285 -537 734 -743 -684 -754 737 77 -261 -932 195 -1 732 842 782 797 -944 -133 299 408 -343 969 -280 -927 782 -582 -81 211 -504 -794 117 -407 -541 749
607 361 60 -760 442 -684 -854 695 -742 -975 981 -982 -470 179 -82 706 -942 -619 -130 -847 320 223 -839 -437 -438 548 763 -758 -864 -607 550 -697 -964 -588 846 -807 400 750 -203 248 -506 -954 186 -534 559 656 -47 626 955 -865 -262 318 242 461 600 -539 690 -215 -730 157 381 -907
753 -28 -24 -143 172 573 -463 8 771 -364 900 198 -365 186 -182 708 -914 -61 -158 -77 274 -380 -290 -112 -671 -505 -485 -825 -402 -616 381 249
15 -641 902 611 334 292 -486 469 753 -977 372 25 250 705 -183 -333 -194 828 -318 419 -741 493 -848 604 -886 -126 762 -988 -508 -86 -525 723 350 954 526 91 -316 -424 992 386 263 -196 -698 70 414 681 -114 712 -921 -816 -982 208 7 -33 985 -564 524 731 677 529 -56 -846 -620 -859 957 -681 713 -951 -511
869 157 491 -360 -216 -596 -772 -884 -190 -500 -951 755 -3 -233 -289 -896 23 -234 -500 677 -504 815 -753 -914 -99 165 -546 449 -644 305 339 353 592 -845 -866 -960 760 -338 547 512 192 -410 -482 -806 617 271 968 929 -645 205 990 0 984 506 563 30 917 -327 250 726 -837 995
311 -594 922 336 -837 -509 -769 -756 895 177 665 -877 140 -405 -479 -683 -946 -769 685 -482 -937 619 -948 344 621 -989 251 664 852 -698 -42 -446 -802 388 -487 284 -225 -344 -95 379 433 -815 658 -123 -187 46 -741 -582 -679 134 -464 -188 -853 -44 -297 361 -312 982 -146 435 604 553 830
371 -30 -898 160 -998 375 820 -554 -788 265 -189 -380 -935 297 333 519 -153 355 -645 469 779 -644 545 -742 -961 -521 -841 -982 152 -37 214 -720 -89 274 -152 845 615 690 -185 940 -270 275 926
414 593 876 197 -77 -631 97 280 -3 -740 205 -334 -154 38 707 -535 827 -905 635 -281 234 -687 -356 -434 516 605 97 -889 -543 -271 986 534 746 989 -741 208 876 -846 767 -244 261 -436 120 857 104 569 -713 368 813 -621 -408 488 -550 276 450 -600 -985 75 -693 911 -641 -727 95 -194 481
-219 -732 482 -915 149 -909 445 440 963 -827 -878 540 -601 -551 -464 674 -301 83 632 430 729 -681 49 -477 -125 -687 339 -870 -741 200 -219 -520 614 529 -888 -125 139 535 -548 175 -311 52 -819 -920 -927 319 955 614 -605
975 175 24 612 79 -74 -334 297 936 -804 -397 221 -775 3 -825 835 480 18 4 -708 -649 -273 -962 -845 -800 -720 -996 853 -606 -575 -991
269 622 -771 -2 -39 558 -19 225 310 -235 -521 747 -596 -660 755 -894 -764 345 -977 807 -229 616 -229 465 -310 -183
322 991 -574 -498 -272 -498 -487 -612 -842 -892 -47 939 211 307 312 -68 -422 665 -575 915 753 437 -772 -321 -346 -675 897 322 -744 -336 693 -281 -583 -291 -452 277
329 714 360 -612 -572 295 192 830 -35 -409 523 985 -437 -269 -240 587 -556 825 205 364 -430 403 -695 56 257 -212 -177 278 -80 -937 691 511 -823 435 136 -830 864 875 308 707 446 349 -259 728 113 505 -657 -785 461 756 -532 -855 411 96 -335 -742 793 789 902 -477 -189 -500 -332 -521 92 875 584 229 267
-16 -927 -421 -85 -782 226 -725 -395 212 6 -83 203 -987 -24 411 -924 558 -932 866 818 -453 -802 516 470 696 -626 -163 -974 -355 445 -22 -629 -573 361 477 699 -666 478 -328 829 98 269 -908 419 643 -231 403 957 -286 444 422 -655 91 -164 -282 -171 -5 413 790 -17
-863 507 -620 633 546 -793 600 809 57 -668 -172 -534 712 -209 865 -833 805 952 172 49 425 999 386 707 451 -660 -170 930 -365 180 786 667 986 -521 136 -176 -623 459 955 -528 -90 825 -815 758 431 -149 819 354 -274 -106 -460 -22 198 60 -71 759 836 618 837 -272 -117 -154 929 -372 -472 -407 719 376 918 -225
-543 -497 -221 -311 -292 732 -698 -567 -583 764 767 -361 -971 827 939 745 -356 128 678 589 854 852 726 314 -76 110 -163 -664 -547 984 130 182 755 447 -426 -733 -790 827 970 425 -931 614 486 542 -877 385 726 -419 -655 47
469 264 -530 -341 -431 551 -926 -978 412 173 -567 -294 798 985 -618 -998 579 272 -575 540 -442 548 166 145 -282 750 365 -910 -105 -71 -986 289 329 -356 -810 31 -771 65 781 403 -360 400 443 78 -262 854 -554 -42 920 638 905 643 -375 -590 256 513 403 278 497 -867 440