867 -66 938 N/A -759 382 294 N/A 712 N/A -958 N/A 838 -357 N/A 991 -503 N/A -850 N/A -767 -329 -190 -675 868 635 355 N/A -893 674 -437 498 N/A -192 N/A -442 N/A -465 -903 385 -193 N/A 471 944 -713 -753 N/A -182 N/A 659 -222 -909 -148 94 30 507 N/A -801 -235 662
-359 -868 -258 N/A -232 N/A 120 -671 -380 -411 -204 -134 318 307 -5 9 N/A -812 -79 203 N/A -878 N/A -584 281 N/A -716 -638 -207 137 -815 -669 -297 N/A -149 N/A -17 -753 -121 -370 713 N/A -182 N/A 849 725 968 N/A -128 N/A -611
848 -541 N/A -69 894 N/A 77 -206 N/A 774 248 N/A -889 N/A -369 -791 432 N/A 304 -899 -395 N/A 842 -929 911 819 -521 694
81 -312 N/A 66 208 -479 -602 -495 N/A 136 -827 N/A -787 724 -502 N/A 660 629 790 N/A 333 -774 889 -567 N/A -452 -912 87 -735 954 -858 N/A 296 755 -915 762 -433 605 N/A 753 -81 -835 N/A 964 75 645 -984 N/A -84 N/A -73 510 N/A 831 -800 N/A -310 N/A -217 N/A 176 -263 -763 388 N/A -170 N/A -874 -151
-624 N/A 703 N/A 852 -941 -944 814 825 764 -792 -879 942 375 332 N/A 308 N/A -667 N/A -561 -144 -160 -605 -763 852 -684 N/A 450 780 -384 N/A 960 N/A -207 -987 844 N/A 716 N/A -336 N/A -714 326 846 415 763
-986 860 N/A 360 633 707 640 -962 699 N/A -633 N/A -608 N/A 808 N/A 892 29 N/A -743 N/A 427 888 -303 N/A -545 N/A 379 N/A -204 986 172 -561 -949 481 -331 N/A -635 256 393 N/A -532 -720 -633 N/A -269 -947 -867 -481 93 -959 809 N/A -524 -678 76
41 -663 N/A -337 586 -277 N/A 409 N/A 472 77 N/A 885 -55 -335 N/A -571 -286 176 511 -224 N/A 219 -295 -715 -643 -459 868 N/A 167 190 900 802 -98 N/A -199 N/A -38 -936 N/A 613 -412 -967 970 991 N/A -265 N/A 418 107 -119 751 N/A -288 369 787 N/A -399 N/A -755 -241 -554
-73 -643 N/A 334 N/A -138 159 751 N/A -364 N/A -873 N/A 577 N/A 333 632 788 -547 611 -911 N/A 422 818 184 N/A 952 839 -326 N/A 817 N/A -52 -738 -748 716 -548 -387 -233 -384 N/A -358 14 -498
224 N/A -582 N/A -618 629 785 N/A 372 -474 N/A -892 N/A -741 -100 496 355 308 N/A 666 -779 977 -707 735 N/A -598 324 -168 -10 167 -927 -104 -824 -714 N/A 259 N/A -824 588 -407 N/A 894 -591 N/A -306 N/A 14 -560
-837 379 -593 -538 N/A 345 590 N/A 236 -337 728 N/A 871 -307 -666 -21 -220 923 327 -866 -558 -843 954 N/A 522 N/A 942 553 -894 -907 N/A 271 -410 276 N/A 843 -676 -554 280 N/A 971 N/A -453 -899 -256 -380 -296 N/A 325 -71 N/A -286 727 507 N/A -662 417 -341 N/A -709 586 N/A -156 -505 N/A 282 N/A 563 -990 210 N/A 796 -756 N/A 118
-56 -144 N/A -208 N/A 682 N/A -569 951 260 -46 832 785 N/A 707 -213 609 -292 -371 -744 N/A 437 -887 N/A -495 -395 N/A 726 -107 40 -871 N/A -404 -288 -301 -615 N/A -838
-825 -22 535 249 N/A 21 N/A -594 246 N/A 84 N/A -576 -175 N/A -664 -815 -309 N/A 137 467 -730 566 187 N/A -675 -135 189 N/A 563 N/A -414 -789 -370 N/A -285 581 N/A -726 874 -760 N/A -793 N/A -533 -422 -797 955 -674 553 N/A 614 -691 -19 N/A 298 938 -837 510 -322
747 12 273 N/A -343 695 -376 N/A 144 343 553 -667 N/A 769 -185 161 N/A -670 871 -176 860 129 969 -357 -613 377 N/A 193 497 -790 -117 N/A 24 N/A 603 868 N/A 825 811 738 N/A -876 -889 -529 492 -736 -476 N/A -782 -258 735 N/A -240 N/A -857 N/A -6 -366 -478 -238 -599 N/A -941 N/A 596 -374 N/A -416 N/A 245
898 -860 N/A 403 761 651 -955 260 -180 -868 561 N/A 908 N/A -412 N/A -976 502 -873 -164 -571 N/A 418 N/A 944 N/A -724 N/A -978 117 -812 -473 N/A 134 353 884 66 297 -918 N/A -828 832 365 -53 887 77 N/A 156 N/A 197 -293 N/A -929 N/A -907 N/A 956 -318 -13 141 -883
-196 -170 427 -304 N/A -709 354 176 -881 N/A -544 N/A -185 788 -558 N/A -772 N/A -38 119 -374 N/A 79 689 335 N/A -564 996 N/A -799 -925 -525
776 -372 N/A 74 N/A 678 N/A 822 N/A -136 N/A -208 -227 374 -129 970 N/A 16 N/A 140 N/A -894 -71 747 588 314 918 148 -815 70 N/A -453 -461 N/A -834 -367 -8 -635 432 N/A -381 -371 535 176 323 -301 -973
390 106 N/A 126 -225 641 -215 N/A -487 -377 -432 -901 341 N/A 762 179 507 374 N/A -83 -466 N/A 742 320 N/A 481 N/A -706 121 -709 -35 N/A -176
755 975 N/A 411 -381 -248 N/A -595 334 451 N/A 690 N/A 327 439 186 -946 346 728 -143 68 336 N/A 276 960 -140 -429 -22 N/A -195 -822 N/A -371 N/A 49 6 N/A -892 -861 310 N/A -447 95 N/A -676 907 372 399 N/A -205 -379 101 N/A -925 506 N/A -977 -635
-108 172 N/A 745 360 N/A 720 -714 938 -498 701 N/A 892 N/A -923 -195 740 N/A -34 -404 555 -563 -403 N/A 883 N/A 545 9 N/A 896 500 42 -836 100 185 N/A -793 N/A -839 -125 N/A 759 909 -718 N/A -670 -775 -374 -960 468 -687 N/A 322 938
78 N/A -786 N/A -891 -870 65 N/A -939 -740 -144 N/A -579 -407 370 -39 980 -58 696 N/A 324 -85 N/A 260 717 N/A 885 N/A 701 212 77 533 N/A 751 N/A -895 N/A -794 469 -746 N/A -382 796 -831 381 -578 -670 915 460 54 117 N/A -555
-258 -718 19 974 N/A -591 N/A 274 801 740 882 962 985 546 -977 -48 -580 N/A -189 446 784 N/A 437 857 323 717 685 352 N/A -582 -447 N/A 473 N/A -592 123 N/A 378 N/A -364 1 -692 -769 -11 N/A 275 256 N/A -577 -1 273 N/A 587 777 N/A 310 N/A -498 4 N/A 377 -531 -610 N/A 568 505 370 820 N/A 468 -222 N/A 343
568 N/A -301 264 675 -258 -609 154 438 N/A 307 N/A -918 N/A -38 N/A 33 N/A 982 16 993 N/A 350 -558 -20 -92 -919 N/A -212 N/A -647 -148 -926 381 770 -270 946 -405
-303 N/A 74 -767 -773 N/A 654 -645 -252 N/A -850 N/A 206 N/A -29 N/A 287 554 -931 12 -401 -618 118 538 340 908 -96 N/A -121 674 205 N/A -325 N/A -258 -646
-431 -715 N/A 282 602 N/A 89 -737 546 -975 -226 N/A -71 348 489 386 N/A 550 -280 515 N/A 964 135 47 N/A -241 -932 0 N/A 473 -56 -955 -672 N/A 155 N/A -908 N/A 51 283 46 N/A 887 933 N/A -306 -206 762 N/A -547 -884 -221
93 N/A -750 -34 396 N/A 888 -55 N/A -194 N/A 61 N/A 360 N/A -999 -653 N/A 253 N/A -130 -192 -678 333 -608 613 -454 -810 N/A -482 319 781 N/A 429 N/A 836 740 N/A 188 599 772 917 -428 -956 179 986 65 -994 -995 N/A -389 -888 731 N/A 35 N/A 803 583 -222 -142 -763 -636 N/A 817 -339 145 -943 N/A -941 490 N/A 914 595 433
317 -869 586 741 -972 -24 661 176 451 98 384 -131 N/A 771 N/A 12 N/A -577 568 N/A 172 715 N/A 118 N/A -394 459 N/A -243 394 -700 N/A 320 372 988 -220 -920 -709 N/A 243 63 589 N/A -103 N/A 652
-235 N/A -104 -653 -828 591 N/A -202 661 N/A 546 684 -728 -267 801 92 N/A 29 14 499 -230 -548 285 698 N/A 185 N/A 871 967 N/A -580 -886 N/A -628 332 N/A -711 -825 N/A 515 -350 -907 927 N/A 185 N/A 975 -651 104 N/A 378 928 N/A 591 -218 -301 N/A 146 834 550 347 N/A 178 -153 -345 389 32
-927 421 -417 -43 -736 -508 N/A 300 -136 -484 N/A 779 422 -334 772 N/A -364 N/A 666 N/A -762 -138 N/A 770 -9 381 N/A -161 N/A 343 -410 -345 N/A 19 497 N/A -450 -599 -498 50 875 N/A 434 716 -136 -456 383 80 N/A -946 819 -764 -296 693 N/A -858 -786 N/A -284 -118 N/A -566 114 N/A 229 N/A 113 -858 515 -244 N/A 567 -655 -244
13 -843 327 253 -782 -197 892 N/A -15 N/A -704 N/A 237 -963 -841 546 N/A -411 N/A -58 886 N/A 256 536 972 -550 N/A 257 908
313 143 494 770 -881 N/A 730 604 826 N/A -17 N/A -31 -409 -626 -542 155 443 44 -289 N/A -633 -983 -422 911 N/A 934 N/A 211 N/A -734 -342 N/A -948 -249 393 215 -367 -177 N/A -714 -127 123 904 -762 N/A -362 N/A 528 N/A -665 274 N/A 649
360 N/A 543 -498 201 -34 -863 -596 N/A 981 -233 N/A -541 -166 N/A -453 -188 28 N/A 326 N/A -13 N/A 553 486 238 -580 N/A -958 N/A 967 -286 N/A -851 -866 -607 -14 398 304 111 N/A 217 -302 N/A -876 -661 3 607 863 -906 N/A 177 982 -128 -335 N/A -672
69 -672 335 N/A 812 -3 -902 N/A -337 N/A -811 -356 N/A -646 N/A -350 N/A 702 317 -871 N/A 915 415 N/A 709 N/A 993 657 -932 -411 N/A -252 401 N/A -581 -473 -877 759 516 849 N/A -565 306 -35 437 N/A 566 N/A 48 -258 820 999 648 216 881 -26 N/A 12 830 672 800 -937
693 N/A -103 225 N/A -390 571 N/A 41 -527 -693 -243 N/A 534 N/A -264 641 815 -28 N/A 183 N/A 755 -8 N/A -119 -167 N/A -254 -190 845 -723 N/A 378 50 -249 N/A 625 -49 N/A -653 -823 -103 -603 -737 N/A -979 240 N/A 405 907 -703 N/A -174 531 N/A -874 14 -860 -519 N/A 536 -3 888 607 124 -780 -555
-529 -148 -725 N/A -790 -67 723 144 -480 14 975 N/A -598 N/A 852 N/A -337 N/A 82 N/A -772 N/A -925 -180 N/A 295 -933 N/A 442 N/A 520 390 644 N/A -776 N/A -861 948 -920 -338 82 -536 515 N/A 311 -908 -806 -932 777 -278 -571 505 529 -599 -612
-869 N/A -697 -435 N/A 396 716 792 -241 365 861 N/A 9 -447 -57 N/A -932 -827 -661 96 N/A 407 N/A -90 412 205 -739 -787 N/A -896 N/A -581
18 494 N/A -946 -846 348 389 -337 307 894 N/A -688 N/A 658 N/A 13 215 N/A -664 -451 948 -941 -302 N/A 368
-614 N/A 194 -252 N/A -994 N/A 252 -447 -98 N/A -372 62 889 N/A -592 -783 N/A -605 -365 N/A 624 N/A 863 589 140 N/A -340 812 -768 N/A 657 817 359 N/A 112 134 N/A -186 -435 N/A 704 -16 -860 351 -382 695 -422 372 7 781 -991 -699
-442 N/A 536 -531 -273 -492 881 -435 54 -531 681 N/A -561 N/A -737 N/A 539 -739 762 409 N/A -608 -678 877 N/A -461 -187 -128 -225 N/A -511 N/A 643 572 -794
-122 -737 -86 -964 645 -785 -230 -127 393 N/A 838 N/A -323 N/A -873 258 104 N/A -974 N/A 588 307 -796 N/A -649 -455 699 450 680 N/A -627 329 -543 N/A -323 N/A -740 -144 298 -995 -724 182 -873 N/A 245 N/A 647 N/A -371 -768 N/A 456 621
815 686 767 N/A 738 -390 962 32 N/A -144 -43 -861 -843 N/A -679 346 -11 N/A -575 436 N/A -878 954 732 -387 N/A -778 613 N/A -892 595 -512 N/A -235 -224 -587 -876 N/A -860 -507 324 916 N/A -159 -254 38 N/A -23 N/A -17
-956 N/A -721 -734 164 -808 -672 948 N/A -741 -300 N/A -927 N/A -937 -347 N/A 748 -251 -810 310 779 -333 N/A 324 -345 -477 -687 827 N/A 614 -84 N/A 559 N/A 793 958 N/A -608 -777 N/A 508 65 -143 N/A -438 527 -163 272 881 N/A -173 N/A -837 876 -989 N/A -759 -51 528 -176 N/A -389 -100 N/A -257 -365 -143 -623
-358 N/A 880 260 N/A -927 248 N/A 719 -318 987 N/A -613 -778 -547 -917 936 -702 -678 -716 -225 N/A 311 181 -287 69 N/A -815 301 N/A -917 -388 N/A -324 581 N/A 464 -753 -950 N/A -878 -163 -580
-528 137 64 N/A 888 462 N/A -234 N/A 704 N/A -229 -589 359 -199 N/A 50 -798 661 126 N/A -773 646 873 -833 N/A -464 96 N/A -437 -694 688 123 -264 340 N/A 488 -600 897 N/A -599 N/A 34 659 -67 N/A 971 992 -831 N/A -479 -245 -725 204
416 -580 N/A 93 -171 298 -832 N/A 250 N/A 219 -535 N/A -570 -283 N/A 966 746 N/A 36 -276 -819 N/A -76 N/A 892 177 754 865 N/A -84 643 N/A -462 799 -123 -142 460 -15 936 344 -907 931 N/A 400 778 985 -960 -562 N/A 945 396 N/A 143 -280 477 N/A 184 -161 236 127 N/A 766
-179 N/A 774 -487 -239 516 -553 -887 535 N/A -786 N/A -26 N/A -384 N/A 332 578 -925 N/A -221 -963 -412 -925 -842
860 -421 N/A -840 -996 N/A -90 440 -78 -735 N/A 259 607 908 735 N/A 405 -291 N/A 111 797 N/A -691 -514 -402
903 -769 307 401 -146 -579 214 N/A 858 N/A -735 -97 N/A 303 N/A 786 N/A 614 -857 N/A -602 20 416 915 -193
548 N/A -553 -677 -181 -458 548 -997 N/A -699 500 747 -55 813 -122 840 -257 199 -976 N/A -798 N/A -909 594 -763 -3 -862 807 N/A 851 N/A 624 471 N/A 769 -799 N/A -688 375 N/A -247 -575 N/A 683 -104 -748 -580 N/A 751 -514 511 N/A -675 N/A -684 -248 -473 N/A -656 552 -69 264 N/A 329 666 N/A -205
-767 N/A 429 N/A 210 N/A -940 -348 N/A 811 N/A -31 117 N/A -289 381 746 N/A 60 -774 970 N/A -448 -331 -821 353 -951 -516 N/A -282 47 -295 -521 N/A -180 N/A 818 922 -688 N/A -311 N/A -640 -721 -99 489 260 -817 63 -953 N/A 541 799 282 880 -825
340 139 430 -213 N/A 569 N/A -455 N/A 166 367 521 387 -302 -624 N/A -678 276 -47 -405 655 N/A 994 N/A 882 N/A 106 105 661 -230 N/A -792 957 -288
-306 N/A -358 543 677 N/A 237 -420 N/A 632 -901 N/A -57 83 218 -14 938 N/A 205 N/A 700 N/A 167 -857 -758 10 -533 N/A 773 688 238 943 N/A 660 -923 -303 901 -237 564 491 N/A -205 N/A 503 N/A -281 -366 -415 63 -454 -252 N/A -132 -618 -308 -906 N/A -997 N/A 631
-701 609 461 -389 N/A -380 642 N/A -37 -511 N/A 516 -57 -726 N/A 364 251 N/A -360 N/A 0 576 N/A 790 -169 -486 662 -415 413 -146 -288 N/A 359
953 -53 934 -323 149 -70 -266 N/A 680 318 -979 N/A 67 194 -51 -92 N/A -613 N/A 857 744 505 N/A -764 N/A -360 N/A -752 -758 487 N/A -919 -63 N/A 993 N/A 520 89 972 -950 -712 -347 80 629 581 N/A -938 195 N/A 178 706 N/A 964 -572
-830 -272 736 -122 469 -788 N/A -197 -687 -338 602 N/A -31 N/A 905 819 N/A -585 N/A -95 N/A -644 -732 642 -481 -611 N/A -521 N/A 759 N/A -355 133 N/A -632 -651 134 N/A 579 -403 384 -661 -1000 N/A 949 -445 N/A -983 -563 -19 -250 775 N/A 34 -251 -660 42 750 480 -711 N/A 358 N/A 742 -313 N/A -178 971 99 N/A 350 -939 665 803 575
937 N/A -815 N/A -603 156 115 N/A -811 59 -898 N/A 967 469 778 -524 264 441 464 543 -830 -771 -607 N/A -843 N/A 122 -773 N/A 348 23 -926 N/A 629 N/A 7 N/A 958 165 828 -361 825 -998 454 N/A 355 -334 754 N/A 410
-705 323 -648 N/A -558 N/A 772 -734 N/A 563 N/A -106 379 N/A 232 -498 -866 N/A 750 -237 451 -970 880 578 -960 644 -770 -316 N/A 80 -586 -190 N/A 903 723 N/A 999 N/A 654 N/A -489 -666 N/A 81 N/A -959 907 -856 435 -311 -240 -109 398 -287 N/A 439 -516 N/A 839 267 -507